-.00000123456789;
-.0000123456789;
-.000123456789;
-.00123456789;
-.01;
-.012;
-.0123;
-.01234;
-.012345;
-.0123456;
-.01234567;
-.012345678;
-.0123456789;
-.1;
-.10123456789;
-.101234567892;
-.1012345678923;
-.10123456789234;
-.101234567892345;
-.1012345678923456;
-.10123456789234567;
-.101234567892345678;
-.1012345678923456789;
-.10123456789234567893;
-.123456789;
-1;
-12;
-123;
-1234;
-12345;
-123456;
-1234567;
-12345678;
-123456789;
-1234567890;
-12345678901;
-123456789012;
-1234567890123;
-12345678901234;
-123456789012345;
-1234567890123456;
-12345678901234567;
-123456789012345678;
-7 --3;
-9.87654321012345;
-98.7654321012345;
-987.654321012345;
-9876.54321012345;
-98765.4321012345;
-987654.321012345;
