.0000000000000000000000000000000123456789;
.000000000000000000000000000000123456789;
.00000000000000000000000000000123456789;
.0000000000000000000000000000123456789;
.000000000000000000000000000123456789;
.00000000000000000000000000123456789;
.0000000000000000000000000123456789;
.000000000000000000000000123456789;
.00000000000000000000000123456789;
.0000000000000000000000123456789;
.000000000000000000000123456789;
.00000000000000000000123456789;
.0000000000000000000123456789;
.000000000000000000123456789;
.00000000000000000123456789;
.0000000000000000123456789;
.000000000000000123456789;
.00000000000000123456789;
.0000000000000123456789;
.000000000000123456789;
.00000000000123456789;
.0000000000123456789;
.000000000123456789;
.00000000123456789;
.0000000123456789;
.000000123456789;
.00000123456789;
.0000123456789;
.000123456789;
.00123456789;
.01;
.012;
.0123;
.01234;
.012345;
.0123456;
.01234567;
.012345678;
.0123456789;
.1;
.10123456789;
.101234567892;
.1012345678923;
.10123456789234;
.101234567892345;
.1012345678923456;
.10123456789234567;
.101234567892345678;
.1012345678923456789;
.10123456789234567893;
